Ashwin Kumar - section 0141
Partner: Mike Demissie - section 0121

Problem 1

A =

     6     2    19    96
    23    11    19    60
     4    10    19    61
    30     1    20     9

B =

     1     1     1     1
     1     1     1     1
     1     1     1     1
     1     1     1     1

O =

     0     0     0     0
     0     0     0     0
     0     0     0     0
     0     0     0     0

I =

     1     0     0     0
     0     1     0     0
     0     0     1     0
     0     0     0     1

Problem 2

a =

    60

ac =

    96
    60
    61
     9

ar =

    23    11    19    60

a*B=B*a is true since scalar multiplication is a commutative property
ac*I=I*ac is false because the columns of the left matrix must equal the rows of the right matrix

Problem 3

A =

     8    10    -6    12    11
    10     3     1    -9     0
    -9   -10    11    12     8

ans =

    1.0000         0         0   -3.1912   -1.7083
         0    1.0000         0    6.2500    4.5417
         0         0    1.0000    4.1618    3.4583
The columns of A are not linearly independent because there are 2 free variables
The span is all possible sums of all possible multiples of columns 4 and 5

Problem 4
S =

    1         0         0         0         0         0         0
    1         2         4         8         16        32        2.90
    1         4         16        64        256       1024      14.8
    1         6         36        216       1296      7776      39.6
    1         8         64        512       4096      32768     74.3
    1         10        100       1000      10000     100000    119

ans =

    1.0000         0         0         0         0         0         0
         0    1.0000         0         0         0         0    1.7125
         0         0    1.0000         0         0         0   -1.1948
         0         0         0    1.0000         0         0    0.6615
         0         0         0         0    1.0000         0   -0.0701
         0         0         0         0         0    1.0000    0.0026

p(t) = 1.7125t - 1.1948(t^2) + .6615(t^3) - .0701(t^4) + .0026(t^5)
p(7.50) = 64.6050 (100lb)

S =

    1         0         0         0         0
    1         2         4         8         2.90
    1         4         16        64        14.8
    1         6         36        216       39.6
    1         8         64        512       74.3
    1         10        100       1000      119

ans =

     1     0     0     0     0
     0     1     0     0     0
     0     0     1     0     0
     0     0     0     1     0
     0     0     0     0     1
     0     0     0     0     0

The equation cannot be solved if the degree of polynomial is less than 5

Problem 5

D =

    1.2600    0.1900    0.8000    0.1800    0.8000
   36.0000   51.0000   13.0000   80.0000   33.0000
   52.0000   34.0000   74.0000         0   45.0000
         0    7.0000    1.1000    3.4000    3.0000

The variables represent the amounts of each of the 4 ingredients to be put in the diet mixture

ans =

    1.0000         0         0         0    0.6414
         0    1.0000         0         0    0.5441
         0         0    1.0000         0   -0.0926
         0         0         0    1.0000   -0.2079

non fat milk = .6414 g, soy flour = .5441 g, whey = |-.0926| = .0926 g, soy protein = |-.2079| = .2079 g